[LEFT_CAM_2K]
fx=1055.66
fy=1054.78
cx=1114.1
cy=652.447
k1=-0.0431717
k2=0.013359
k3=-0.00613918
p1=-0.000869414
p2=-0.000209197

[RIGHT_CAM_2K]
fx=1057.41
fy=1056.7
cx=1112.65
cy=645.538
k1=-0.0443518
k2=0.0131692
k3=-0.00575004
p1=-0.00052046
p2=-9.94962e-05

[LEFT_CAM_FHD]
fx=1055.66
fy=1054.78
cx=970.1
cy=571.447
k1=-0.0431717
k2=0.013359
k3=-0.00613918
p1=-0.000869414
p2=-0.000209197

[RIGHT_CAM_FHD]
fx=1057.41
fy=1056.7
cx=968.65
cy=564.538
k1=-0.0443518
k2=0.0131692
k3=-0.00575004
p1=-0.00052046
p2=-9.94962e-05

[LEFT_CAM_HD]
fx=527.83
fy=527.39
cx=643.55
cy=374.2235
k1=-0.0431717
k2=0.013359
k3=-0.00613918
p1=-0.000869414
p2=-0.000209197

[RIGHT_CAM_HD]
fx=528.705
fy=528.35
cx=642.825
cy=370.769
k1=-0.0443518
k2=0.0131692
k3=-0.00575004
p1=-0.00052046
p2=-9.94962e-05

[LEFT_CAM_VGA]
fx=263.915
fy=263.695
cx=337.275
cy=194.61175
k1=-0.0431717
k2=0.013359
k3=-0.00613918
p1=-0.000869414
p2=-0.000209197

[RIGHT_CAM_VGA]
fx=264.3525
fy=264.175
cx=336.9125
cy=192.8845
k1=-0.0443518
k2=0.0131692
k3=-0.00575004
p1=-0.00052046
p2=-9.94962e-05

[STEREO]
Baseline=119.837
TY=-0.082659
TZ=-0.292541
CV_2K=-0.0028048
CV_FHD=-0.0028048
CV_HD=-0.0028048
CV_VGA=-0.0028048
RX_2K=-0.00062383
RX_FHD=-0.00062383
RX_HD=-0.00062383
RX_VGA=-0.00062383
RZ_2K=0.000147204
RZ_FHD=0.000147204
RZ_HD=0.000147204
RZ_VGA=0.000147204

